1.282205 2.896792
-7.842039 9.112754
-9.651405 3.586324
-9.795272 0.093251
-6.364541 -7.111891
4.099735 -6.548211
3.543252 -3.335632
1.282205 2.896792
-7.842039 9.112754
-9.651405 3.586324
-9.795272 0.093251
-6.364541 -7.111891
4.099735 -6.548211
3.543252 -3.335632
1.282205 2.896792
-7.842039 9.112754
-9.651405 3.586324
-9.795272 0.093251
-6.364541 -7.111891
4.099735 -6.548211
3.543252 -3.335632
1.282205 2.896792
-7.842039 9.112754
-9.651405 3.586324
-9.795272 0.093251
-6.364541 -7.111891
4.099735 -6.548211
3.543252 -3.335632
1.282205 2.896792
-7.842039 9.112754
-9.651405 3.586324
-9.795272 0.093251
-6.364541 -7.111891
4.099735 -6.548211
3.543252 -3.335632
1.282205 2.896792
-7.842039 9.112754
-9.651405 3.586324
-9.795272 0.093251
-6.364541 -7.111891
4.099735 -6.548211
3.543252 -3.335632
1.282205 2.896792
-7.842039 9.112754
-9.651405 3.586324
-9.795272 0.093251
-6.364541 -7.111891
4.099735 -6.548211
3.543252 -3.335632
1.282205 2.896792
-7.842039 9.112754
-9.651405 3.586324
-9.795272 0.093251
-6.364541 -7.111891
4.099735 -6.548211
3.543252 -3.335632
1.282205 2.896792
-7.842039 9.112754
-9.651405 3.586324
-9.795272 0.093251
-6.364541 -7.111891
4.099735 -6.548211
3.543252 -3.335632
1.282205 2.896792
-7.842039 9.112754
-9.651405 3.586324
-9.795272 0.093251
-6.364541 -7.111891
4.099735 -6.548211
3.543252 -3.335632
1.282205 2.896792
-7.842039 9.112754
-9.651405 3.586324
-9.795272 0.093251
-6.364541 -7.111891
4.099735 -6.548211
3.543252 -3.335632
1.282205 2.896792
-7.842039 9.112754
-9.651405 3.586324
-9.795272 0.093251
-6.364541 -7.111891
4.099735 -6.548211
3.543252 -3.335632
1.282205 2.896792
-7.842039 9.112754
-9.651405 3.586324
-9.795272 0.093251
-6.364541 -7.111891
4.099735 -6.548211
3.543252 -3.335632
1.282205 2.896792
-7.842039 9.112754
-9.651405 3.586324
-9.795272 0.093251
-6.364541 -7.111891
4.099735 -6.548211
3.543252 -3.335632
1.282205 2.896792
